20980471890
26729108878
25372571858
15157847290
17650451410
6849828302
13874854394
20160342394
27122708470
26915149794
9883165166
4122358630
4207532070
24638015942
6136485478
3971174542
24214564286
23531231142
23923503242
2853582614
22087753298
25129060230
5792685942
9620135414
18850671250
4200149822
4447560846
25128978726
24638016530
18850695498
27357679614
27357679606
27357679598
27357679590
27357679582
27357679534
27357679526
27357679494
27357679462
27357629842
27357335610
27357335522
27357335474
27357335450
27357335426
27357335374
27357335382
27357335390
27357335318
27357335310
26001594942
10008102454
19786780262
17148469490
9027110566
19528381850
14461775966
27191572110
24442284222
4805368834
26374467858
14113875782
10638840626
26116154246
15329023802
24442102798
22922418414
26947360906
6669809210
25024110270
10044912242
24310408590
1814498350
2129582994
4652091154
1691691578
24961023822
16374256714
4692156326
21081295950
25559322650
20622164258
5099016114
17943771906
2598886838
5196371950
20388847930
10532818746
4829807226
12571452770
20215436378
18547295190
1749202254
2200723974
26117403018
2734431470
18876062734
26910982914
601059562
9338328370
21486480166
9338320930
22932839350
2616903638
2696113862
21803230494
18719805114
3127240598
27069481426
27208497322
